1634469751897,52.4075361,-1.4935381,133.03593659575242,0.0,0.0,3.0,8.28
1634469751904,52.4075361,-1.4935381,133.03593659575242,0.0,0.0,3.0,8.28
1634469754400,52.4071522,-1.4936845,132.6139007300652,0.0,0.0,3.0,19.398
1634469759629,52.407184,-1.493628,132.67467286571238,0.013831295,1.0878917,3.0,19.165
1634469764801,52.4073336,-1.493649,132.71994222765497,109.49764,0.0756763,3.0,12.685
1634469770321,52.4073515,-1.4936658,132.57835872653447,262.85712,0.4822949,3.0,20.498
1634469775822,52.4073621,-1.4936898,132.45065682701133,256.9175,0.5147818,3.0,13.614
1634469781106,52.4073605,-1.4937012,132.48788922850284,231.94336,0.41589788,3.0,11.442
1634469786678,52.4073305,-1.4936946,132.62801268585153,277.51453,0.11894322,3.0,9.694
1634469792628,52.4072938,-1.4936702,132.58442800101653,169.58487,0.40154633,3.0,8.0
1634469798624,52.4072947,-1.4936338,132.66071912091277,85.67476,0.04777258,3.0,8.416
1634469804595,52.4072874,-1.4936319,132.71143953026956,180.0,0.06005462,3.0,8.583
1634469810573,52.407275,-1.4936253,132.52181007056464,180.0,0.29231584,3.0,7.928
1634469815595,52.4072728,-1.4936211,132.5627606551681,180.0,5.9371506E-4,3.0,7.6
1634469820583,52.4072585,-1.4936118,132.58806585247595,180.0,0.12044463,3.0,7.485
1634469825592,52.4072592,-1.4936099,132.68656754916003,0.0,0.0048480136,3.0,7.6
1634469831561,52.4072344,-1.4935926,132.5825614753455,156.65741,0.9505398,3.0,7.792
1634469836580,52.4071597,-1.4935423,132.66058062287158,154.96913,1.6782936,3.0,8.5
1634469842562,52.4071357,-1.4934858,132.5761972400573,82.01169,0.22815017,3.0,8.137
1634469847589,52.4071523,-1.4934508,132.54270728963817,88.01604,0.5837983,3.0,9.333
1634469852598,52.4071257,-1.4934587,132.5343587896152,199.43382,0.5386329,3.0,9.193
1634469858602,52.4071431,-1.4934889,132.51997692996466,1.4067503,0.29880825,3.0,8.8
1634469864574,52.4071597,-1.4935097,132.61057890586136,3.4580584,0.36429572,3.0,9.477
1634469870539,52.4071569,-1.4934975,132.6852420395451,63.91913,0.5187163,3.0,9.25
1634469875573,52.4071673,-1.4934501,132.6437672685828,88.85687,0.46185562,3.0,9.76
1634469880573,52.4071618,-1.4934358,132.7011735418233,166.63432,0.16500352,3.0,9.1
1634469886583,52.4071463,-1.4934231,132.46530031351446,115.05416,0.25236663,3.0,9.5
1634469891616,52.407131,-1.493414,132.48853356438244,158.09987,0.5734241,3.0,10.3
1634469897564,52.407114,-1.4934203,132.44177523527742,172.40799,0.31855345,3.0,12.0
1634469902582,52.4070833,-1.4934262,132.66776248189854,184.95354,0.55435365,3.0,10.887
1634469908565,52.4070745,-1.4934291,132.60772974910753,153.06044,0.26112607,3.0,12.583
1634469913588,52.4070814,-1.4934336,132.42137298842542,350.9763,0.13339506,3.0,12.247
1634469919592,52.4070951,-1.4934644,132.37000543829234,235.88892,0.021570811,3.0,11.583
1634469925599,52.4071267,-1.4934881,132.53771395765096,0.0,0.24759299,3.0,12.654
1634469931577,52.4071263,-1.4934886,132.5289244892379,180.0,0.0077012074,3.0,12.6
1634469936599,52.4071262,-1.4934888,132.52555594604434,180.0,0.0010842857,3.0,13.739
1634469941588,52.4071337,-1.4934915,132.43053525989166,353.13223,0.32340285,3.0,12.2
1634469947587,52.4071412,-1.4935391,132.3729440736296,259.95404,0.4541038,3.0,11.856
1634469952585,52.4071384,-1.4935634,132.41341865761834,232.74918,0.3103236,3.0,11.5
1634469957578,52.4071396,-1.4935735,132.64597777766832,180.0,0.0029398105,3.0,13.044
1634469963558,52.4071376,-1.4936168,132.6121686659037,261.0938,0.62992674,3.0,11.916
1634469968593,52.4071415,-1.4936808,132.5902386406575,280.22186,0.5830916,3.0,11.916
1634469973585,52.4071483,-1.4937034,132.7141989074273,260.98108,0.33350095,3.0,12.7
1634469978614,52.4071631,-1.4936965,132.63768205925993,346.15842,0.21526389,3.0,12.849
1634469984594,52.4071764,-1.4936686,132.732066686271,76.024734,0.18131821,3.0,12.583
1634469990562,52.4072036,-1.4937536,132.75379558322308,204.37318,0.086209856,3.0,13.776
1634469995574,52.407181,-1.4937745,132.84918381819674,175.90376,0.49114704,3.0,12.7
1634470000588,52.4072327,-1.4936777,132.79125294444063,29.81643,1.3950614,3.0,15.874
1634470005606,52.4073383,-1.4936779,132.76549249240733,358.72086,1.7771943,3.0,17.555
1634470011575,52.4073737,-1.4936998,132.8048221984027,266.39255,0.09938255,3.0,14.965
1634470016606,52.4074194,-1.4938059,132.88555349544382,0.0,0.75493807,3.0,12.0
1634470022610,52.4075191,-1.4938495,133.02408849233035,2.6573613,1.2829351,3.0,8.474
1634470028160,52.4075562,-1.4938452,133.05190421188482,329.237,0.671574,3.0,7.641
1634470033793,52.4076552,-1.4938116,132.8186707904227,353.68872,0.66952217,3.0,8.097
1634470039421,52.407689,-1.493828,132.7843504183645,346.59283,0.6625067,3.0,6.726
1634470044651,52.4077159,-1.4938302,132.94382289923556,345.5461,0.8838647,3.0,17.321
1634470050203,52.4077723,-1.4938464,132.96208420749755,348.8732,0.7722697,3.0,11.237
1634470055599,52.407832,-1.4938714,133.0576002551366,345.99686,0.73796177,3.0,6.955
1634470060638,52.4078747,-1.4938779,132.9642774195691,354.09238,0.32553846,3.0,7.564
1634470066418,52.4079149,-1.4938655,132.98403077797815,9.8186035,0.52999604,3.0,6.77
1634470071493,52.4079121,-1.4938685,132.95349161233972,2.5824332,0.35862043,3.0,7.357
1634470076542,52.4079297,-1.4938708,133.11041530845577,13.050072,0.2779308,3.0,6.534
1634470082092,52.4079644,-1.4938883,133.11671316367043,19.52345,0.49445686,3.0,7.948
1634470087122,52.4080274,-1.4939442,133.06483359117883,356.42926,0.7473944,3.0,6.067
1634470092326,52.4080517,-1.4939627,133.02219025507824,345.19653,0.8270322,3.0,5.456
1634470097357,52.4080775,-1.493903,133.2358548231572,353.39642,0.9181259,3.0,6.541
1634470102834,52.4081131,-1.4938419,133.16136317848319,10.34682,0.7868632,3.0,7.969
1634470108354,52.4081747,-1.4937242,133.2658054307343,16.140274,0.94970053,3.0,8.62
1634470113521,52.4081804,-1.4936796,133.24435084845643,15.559746,0.56751865,3.0,9.655
1634470118624,52.4082105,-1.4935509,133.42454233412164,35.61042,0.86380976,3.0,10.659
1634470123628,52.4082261,-1.4934555,133.4996217310449,61.11373,0.7840158,3.0,11.404
1634470128635,52.4082666,-1.4932817,133.6003815507654,66.03771,0.9836037,3.0,9.886
1634470133667,52.4082437,-1.4931989,133.63362404239427,83.496925,0.53111607,3.0,11.182
1634470139123,52.4082125,-1.4931173,133.50701051194818,90.00025,0.018568465,3.0,9.038
1634470144653,52.4081869,-1.4930823,133.57841226889468,110.99699,0.1888016,3.0,8.692
1634470150655,52.4081785,-1.493072,133.3988345478744,185.88457,0.40281528,3.0,7.458
1634470155636,52.4081623,-1.4930674,133.40279030446382,95.524704,0.0019362092,3.0,7.51
1634470160661,52.4081377,-1.4930818,133.31189490675789,180.0,0.042910457,3.0,6.704
1634470165649,52.4081041,-1.493096,133.35962890231184,180.0,0.22237742,3.0,6.9
1634470170654,52.4081062,-1.4930976,133.51963165450894,0.0,0.011174243,3.0,11.641
1634470176622,52.4081062,-1.4930978,133.62376065892178,180.0,1.2564873E-4,3.0,7.8
1634470182637,52.4081062,-1.4930978,133.5567742662428,180.0,3.1366403E-6,3.0,8.5
1634470187646,52.4081062,-1.4930978,133.58553167853603,0.0,1.2405505E-6,3.0,9.5
1634470193640,52.4081062,-1.4930978,133.6066846574257,180.0,4.6454126E-8,3.0,9.8
1634470199349,52.4081062,-1.4930978,133.4620957581794,0.0,1.9177817E-9,3.0,11.32
1634470204626,52.4081062,-1.4930978,133.54254582612103,0.0,4.628363E-11,3.0,12.833
1634470210404,52.4081722,-1.493071,133.69120378271427,104.32035,0.6359588,3.0,15.137
1634470215616,52.4081995,-1.4930111,133.81098276214072,67.44005,0.98888063,3.0,29.717
1634470221227,52.4082054,-1.4929355,133.70409601783382,44.965866,0.86624557,3.0,21.757
1634470226640,52.4082517,-1.4927977,133.73952582198336,49.023758,0.76103395,3.0,13.448
1634470231865,52.408256,-1.4927401,133.58354933731025,50.11977,0.7357448,3.0,13.041
1634470237464,52.4082914,-1.492685,133.59318395988862,62.11731,0.993474,3.0,11.501
1634470242760,52.4083084,-1.4926158,133.3622746585603,61.134792,1.1416296,3.0,12.504
1634470247895,52.4083208,-1.4925298,133.2693356932453,65.17355,1.0893193,3.0,12.745
1634470253042,52.4083166,-1.4924477,133.3589405532395,72.84539,0.9975141,3.0,11.829
1634470258043,52.4083323,-1.4923589,133.28307761608508,71.02471,1.0882236,3.0,10.167
1634470263212,52.4083195,-1.4922626,133.29453310812124,101.96155,0.89599645,3.0,10.609
1634470268318,52.4082825,-1.4922156,133.18913167232907,128.67233,0.8272807,3.0,6.612
1634470273770,52.4082599,-1.4921608,132.99764192212072,123.82026,0.61874735,3.0,5.845
1634470279228,52.4082895,-1.4920554,133.00601906304072,67.80555,0.9213078,3.0,6.286
1634470284250,52.4083334,-1.491949,133.3708910812745,55.16578,1.2628431,3.0,6.69
1634470289642,52.4083374,-1.4918815,133.33640610034877,63.119473,0.6748955,3.0,6.364
1634470294722,52.4083335,-1.491891,133.3432402908829,86.332466,0.37181678,3.0,4.896
1634470299996,52.4083287,-1.4918521,133.16558660887526,66.05741,0.74448276,3.0,5.42
1634470305009,52.4083508,-1.4917427,133.41608523380097,61.474884,1.1047937,3.0,6.975
1634470310226,52.4083509,-1.4916269,133.2859874099968,91.8113,1.0740926,3.0,7.209
1634470315423,52.4083619,-1.491536,133.28803665941388,89.04156,0.9827068,3.0,6.472
1634470320585,52.4083862,-1.4914857,133.1381263854431,62.833965,0.5186153,3.0,5.834
1634470325577,52.4084066,-1.4914547,133.04823987207476,53.46733,0.49374595,3.0,5.595
1634470330642,52.4084229,-1.491391,133.11545148632348,54.498306,0.707283,3.0,5.9
1634470335630,52.4084267,-1.491325,133.086332867167,63.066296,0.69707996,3.0,5.842
1634470340639,52.4084328,-1.4912749,133.05385841440975,83.323616,0.3518165,3.0,6.59
1634470346477,52.4084538,-1.4912065,133.09872765787327,66.86879,0.52315265,3.0,9.777
1634470351654,52.4084752,-1.4911523,133.3736588209862,60.38886,0.85180235,3.0,8.663
1634470357116,52.4084961,-1.4910726,133.31646779832795,62.881096,0.75940776,3.0,7.606
1634470362207,52.4085116,-1.4910041,133.38468037734216,65.55284,0.43813753,3.0,7.049
1634470367650,52.4085334,-1.4909464,133.35454019221388,64.51793,0.18213059,3.0,7.23
1634470373654,52.4085618,-1.4908889,133.44415730973228,51.202347,0.53297716,3.0,7.816
1634470379652,52.4085974,-1.4908389,133.58996707248704,32.06976,0.62039846,3.0,7.355
1634470385635,52.4086117,-1.4908457,133.60776666079778,11.176702,0.37097478,3.0,8.003
1634470391608,52.408623,-1.4907786,133.58034853276584,61.262363,0.602016,3.0,6.743
1634470396634,52.4086572,-1.4907884,133.57960397891344,4.5302005,0.7429265,3.0,6.75
1634470402633,52.4086724,-1.4907936,133.2659080251733,0.0,0.03154926,3.0,8.475
1634470408657,52.4086716,-1.4907942,133.281583209262,180.0,0.0025220076,3.0,10.8
1634470414633,52.4086716,-1.4907943,133.11906559855026,0.0,1.4344695E-4,3.0,12.107
1634470420585,52.4086716,-1.4907943,133.23671995567906,180.0,6.356288E-6,3.0,12.083
1634470425606,52.4086716,-1.4907943,132.92461021903233,180.0,1.1658107E-7,3.0,13.324
1634470430633,52.4086716,-1.4907943,132.95636606600232,0.0,7.905539E-8,3.0,13.4
1634470436577,52.4086716,-1.4907943,133.48525527846306,180.0,3.1627416E-9,3.0,14.003
1634470441637,52.4086716,-1.4907943,133.50283900828998,180.0,2.7288644E-10,3.0,16.1
1634470447612,52.4086782,-1.4907254,133.1774752304474,66.06183,1.0971323,3.0,15.229
1634470452625,52.4087074,-1.490602,133.19061776966245,69.57506,1.1111298,3.0,12.192
1634470458616,52.4087536,-1.4905323,133.45409591865868,56.39561,1.0456051,3.0,10.142
1634470464606,52.4087662,-1.4904341,133.54596540400192,92.18893,1.1210933,3.0,8.883
1634470469636,52.4087866,-1.4903633,133.5540177022787,89.71231,0.7165914,3.0,7.357
1634470474645,52.4088498,-1.4903087,133.585246973441,45.840767,0.85561293,3.0,8.875
1634470480477,52.4089175,-1.4902387,133.57782597821023,38.45719,0.7843111,3.0,11.644
1634470486276,52.4089246,-1.4901609,133.58562607281456,48.558838,0.8963888,3.0,11.212
1634470491441,52.4089404,-1.4900987,133.61205884698592,48.012806,0.7756728,3.0,10.123
1634470496620,52.4089805,-1.4900373,133.67625580798904,40.76532,0.94107836,3.0,10.832
1634470501661,52.4089886,-1.4899912,133.73022921006603,14.75903,0.06735391,3.0,12.286
1634470506665,52.4089696,-1.4899373,133.63216969739878,61.301243,0.94528073,3.0,11.739
1634470512257,52.409004,-1.4898904,133.52618853042628,50.464912,1.0290065,3.0,9.748
1634470517638,52.4090422,-1.4898519,133.703543290187,49.194046,0.4617319,3.0,10.598
1634470523196,52.4090675,-1.4898182,133.7060548836384,47.519104,0.4243539,3.0,10.719
1634470528596,52.4090842,-1.4897451,133.74054781547824,49.610615,0.71956784,3.0,10.588
1634470533644,52.4091117,-1.4896886,133.83392177254942,45.084038,0.7621514,3.0,10.246
1634470538662,52.4091138,-1.4896404,133.4889190994742,105.11299,0.002790394,3.0,11.124
1634470544276,52.4091095,-1.4895265,133.53424768305098,59.61816,1.5579056,3.0,7.149
1634470549636,52.4091655,-1.4894752,133.53560840373788,21.530584,0.7917655,3.0,20.76
1634470555227,52.4092011,-1.4894252,133.51503740040246,34.593143,0.9235927,3.0,5.785
1634470560638,52.4092209,-1.4893412,133.56782060996,47.936707,1.0352175,3.0,5.831
1634470566581,52.4092558,-1.4892595,133.73446232439085,64.06176,0.93399835,3.0,6.866
1634470571674,52.4092645,-1.4892299,133.9144638431646,40.892323,0.4329059,3.0,7.954
1634470577628,52.4092616,-1.4892234,133.80813061292272,30.642029,0.19904305,3.0,7.589
1634470582647,52.4092543,-1.4892092,133.7491545666612,18.619078,0.1052876,3.0,6.748
1634470587654,52.409255,-1.4891895,133.81114876897075,0.0,0.14052522,3.0,6.099
1634470592658,52.4092845,-1.4891383,133.8201755331351,0.0,0.2100537,3.0,9.134
1634470598646,52.4092996,-1.4891431,133.8920692890414,0.0,0.11744624,3.0,6.4
1634470603653,52.4093091,-1.4891434,133.75545821335288,3.0961835,0.49359232,3.0,11.583
1634470609596,52.4093101,-1.4891426,133.88666156008352,180.0,0.052952744,3.0,7.75
1634470614673,52.4093101,-1.4891429,133.81002512024173,0.0,0.001245747,3.0,7.836
1634470620613,52.4093101,-1.4891429,133.86712467919395,180.0,2.6922653E-5,3.0,8.666
1634470625637,52.4093101,-1.4891429,133.83669352594032,180.0,2.0612551E-6,3.0,10.062
1634470630636,52.4093101,-1.4891429,133.74929797624156,0.0,3.4259776E-7,3.0,11.4
1634470636573,52.4093101,-1.4891429,133.9086577348614,180.0,1.26658035E-8,3.0,11.042
1634470641641,52.4093181,-1.489162,133.94528400400608,335.4361,0.122657105,3.0,9.3
1634470646645,52.4093158,-1.4891651,133.88421208439948,180.0,0.013701014,3.0,13.077
1634470652649,52.4093159,-1.4891655,133.88945297133168,0.0,5.677758E-4,3.0,9.166
1634470658637,52.4093159,-1.4891655,133.45838606470346,180.0,6.462346E-6,3.0,12.278
1634470664633,52.4093159,-1.4891655,133.44611174864687,180.0,1.2054171E-7,3.0,8.3
1634470670636,52.4093159,-1.4891655,133.67735296299324,0.0,1.6472239E-8,3.0,9.152
1634470676646,52.4093159,-1.4891655,133.5768112371682,180.0,3.2535022E-10,3.0,6.8
1634470681633,52.4093159,-1.4891655,133.3131888369263,0.0,1.4271792E-11,3.0,5.928
1634470687637,52.4093159,-1.4891655,133.32875627532076,180.0,2.0326534E-13,3.0,6.5
1634470692665,52.4093159,-1.4891655,133.30672985025177,0.0,1.5256242E-14,3.0,7.451
1634470698551,52.4093401,-1.4891348,133.28972067828053,0.0,0.10145269,3.0,6.083
1634470703607,52.4093381,-1.4891218,133.58440865386615,85.94358,0.10881854,3.0,6.603
1634470708616,52.4093376,-1.4891137,133.598276397405,180.0,0.014918673,3.0,5.833
1634470713649,52.4093401,-1.4891108,133.83025595419667,356.92862,0.0054987194,3.0,13.894
1634470719121,52.4093488,-1.4890631,133.9128967976327,71.86732,0.90151054,3.0,14.038
1634470724248,52.4093781,-1.4889774,134.26496392669418,40.317856,0.4713512,3.0,11.785
1634470729590,52.4093847,-1.4889347,134.23660478611163,112.328384,8.789307E-5,3.0,10.114
1634470734658,52.4093953,-1.4889325,134.16808338249606,321.5843,0.51538736,3.0,9.163
1634470739622,52.4093906,-1.4889263,134.1376341798076,167.70856,6.497611E-4,3.0,8.069
1634470744682,52.4093676,-1.4889014,134.0047015555891,180.0,0.4214462,3.0,8.274
1634470750657,52.4093661,-1.4888945,134.05337021761224,0.0,0.009025203,3.0,8.666
1634470756642,52.4093604,-1.4888846,133.98541405306932,174.54395,0.15329717,3.0,11.921
1634470762622,52.4093094,-1.4888288,134.00327879320682,180.0,0.9652398,3.0,8.583
1634470767625,52.4093095,-1.4888121,133.958755405604,0.0,0.013816922,3.0,8.121
1634470772620,52.4093449,-1.4888129,133.90821282681114,0.0,1.1035517,3.0,6.7
1634470778630,52.4093462,-1.4888132,133.81142913440064,180.0,0.013868322,3.0,7.737
1634470784654,52.409346,-1.4888132,133.74830114944186,180.0,6.654937E-5,3.0,6.2
1634470790653,52.409346,-1.4888132,133.6668631209055,180.0,2.8250638E-6,3.0,5.833
1634470795646,52.409346,-1.4888132,133.65820644451998,180.0,4.6187218E-8,3.0,5.7
1634470801619,52.409346,-1.4888132,133.70339035968712,180.0,5.838682E-10,3.0,5.6
1634470806667,52.409346,-1.4888132,133.7057671984834,180.0,1.536875E-11,3.0,6.377
1634470812614,52.409346,-1.4888132,133.82991927348024,0.0,9.803339E-14,3.0,5.416
1634470817635,52.409346,-1.4888132,133.81813211418722,180.0,7.5358116E-15,3.0,6.03
1634470823620,52.409346,-1.4888132,133.8275383012143,0.0,1.6042198E-15,3.0,5.25
1634470828626,52.4093533,-1.4887886,133.9446166630929,358.3635,0.26296464,3.0,6.494
1634470834633,52.4093706,-1.4887683,133.94762416166267,359.52295,0.52953,3.0,5.333
1634470839640,52.409371,-1.4887596,133.84155722342746,180.0,0.006816107,3.0,5.86
1634470844661,52.4093798,-1.4887468,133.78404094007502,355.2809,0.20772463,3.0,5.083
1634470850642,52.4093715,-1.4887634,133.66083400297833,187.98682,0.27618614,3.0,6.8
1634470855629,52.4093575,-1.4887787,133.60316252114413,180.0,0.042578,3.0,4.727
1634470860621,52.4093651,-1.4887795,133.72323115061272,0.0,0.22920862,3.0,4.864
1634470866641,52.4093626,-1.4887877,133.71843045511113,180.0,0.0047108186,3.0,4.3
1634470872676,52.4093626,-1.488788,133.74557104380784,0.0,7.908814E-5,3.0,4.93
1634470877661,52.4093496,-1.4887759,133.70756700608808,0.0,0.03242528,3.0,4.428
1634470882671,52.4093513,-1.4887734,133.82544080513267,0.0,0.0062002814,3.0,6.018
1634470888655,52.4093512,-1.4887733,133.85699349491694,180.0,1.8968194E-4,3.0,6.416
1634470893650,52.4093362,-1.4887885,133.81689914140455,192.58774,0.46158347,3.0,8.002
1634470898655,52.4093342,-1.4887977,133.7738994748711,180.0,0.0050893384,3.0,7.6
1634470904653,52.4093346,-1.4887984,133.71073644567886,0.0,7.6448347E-4,3.0,7.868
1634470910646,52.4093242,-1.4887872,133.7827037760004,0.0,0.03415851,3.0,7.2
1634470916633,52.4093244,-1.4887863,133.77763720488267,180.0,1.9201708E-4,3.0,8.607
1634470921645,52.4093244,-1.4887862,133.71650262493233,180.0,9.468944E-5,3.0,8.4
1634470927651,52.4093244,-1.4887862,133.89078288222188,0.0,4.645085E-6,3.0,11.261
1634470933632,52.4093244,-1.4887862,133.9362093049312,180.0,2.4671488E-7,3.0,9.8
1634470938640,52.4093244,-1.4887862,133.9291578717341,0.0,7.548631E-9,3.0,8.1
1634470944449,52.4093244,-1.4887862,133.80537586628859,0.0,3.389368E-10,3.0,9.542
1634470949603,52.4093244,-1.4887862,133.79914153716965,180.0,3.5504922E-11,3.0,8.3
1634470954641,52.4093244,-1.4887862,133.9056315056958,0.0,2.3810392E-12,3.0,8.5
1634470959653,52.4093244,-1.4887862,133.93419844167963,180.0,8.715783E-14,3.0,10.746
1634470965554,52.4093244,-1.4887862,133.9448166748358,0.0,3.7520337E-15,3.0,8.583
1634470970670,52.4093244,-1.4887862,133.78759598918168,0.0,2.164998E-15,3.0,11.267
1634470976623,52.4093244,-1.4887862,133.80867533249273,0.0,1.0377311E-15,3.0,11.5
1634470981651,52.4093244,-1.4887862,133.7001953749459,0.0,5.897443E-16,3.0,12.123
1634470986659,52.4093244,-1.4887862,133.70832120649698,0.0,3.355686E-16,3.0,8.3
1634470992622,52.4093244,-1.4887862,133.82804888780407,0.0,1.7602174E-16,3.0,8.048
1634470998646,52.4093367,-1.4887745,133.86566544832888,359.34225,0.44314638,3.0,7.833
1634471003675,52.4093395,-1.4887572,133.8313120908353,343.67368,0.2999784,3.0,7.311
1634471009605,52.4093343,-1.4887458,133.77674903678442,180.0,0.013550647,3.0,7.416
1634471014638,52.4093393,-1.4887451,133.93971185103933,48.177692,0.1351754,3.0,7.3
1634471019648,52.409338,-1.4887449,133.88079913852897,180.0,0.01246802,3.0,9.2
1634471024662,52.4093301,-1.4887474,133.61699831791103,177.04341,0.19698264,3.0,10.133
1634471030637,52.4093217,-1.488752,133.59301821139346,180.0,0.032205336,3.0,10.6
1634471036645,52.4093538,-1.4887562,133.65425647973984,0.0,0.41787603,3.0,9.5
1634471041640,52.4093532,-1.4887559,133.67727013892102,180.0,0.005578196,3.0,9.421
1634471046631,52.409353,-1.4887559,133.70611840163627,180.0,0.0018593927,3.0,9.1
1634471052221,52.409353,-1.4887559,133.87433146381866,0.0,1.7693207E-4,3.0,10.942
1634471057591,52.409353,-1.4887559,133.80567721611163,180.0,1.9166503E-6,3.0,11.25
1634471062627,52.409353,-1.4887559,133.7167822075798,180.0,1.531712E-6,3.0,12.4
1634471068626,52.409353,-1.4887559,133.66549088983328,0.0,7.6509544E-8,3.0,10.8
1634471074625,52.4093626,-1.4887516,133.7287471957882,0.0,0.030309811,3.0,11.527
1634471079609,52.4093665,-1.4887548,133.80989780172837,0.0,0.106628574,3.0,9.5
1634471085641,52.4093665,-1.4887543,133.7389347139971,180.0,0.0024250606,3.0,11.12
1634471091612,52.4093602,-1.4887506,133.8511415705877,175.99617,0.16158979,3.0,8.833
1634471096642,52.4093376,-1.4887522,133.9432143487155,180.0,0.15918756,3.0,7.916
1634471102651,52.4093232,-1.4887668,133.98390348185745,180.0,0.19656125,3.0,7.666
1634471108667,52.4093178,-1.4887852,133.73706189195832,180.0,0.012116261,3.0,8.783
1634471114628,52.4093275,-1.4887697,133.69363144409044,44.106834,0.44765782,3.0,7.5
1634471120662,52.4093551,-1.4887214,133.89935248626998,26.492794,0.6433651,3.0,6.5
1634471126497,52.4094027,-1.4887405,134.02046727651992,346.22137,0.989301,3.0,7.583
1634471131628,52.4094185,-1.4886582,134.011120818517,71.68838,0.91826767,3.0,6.625
1634471136649,52.40943,-1.4885744,133.97387749204094,95.60571,1.1405058,3.0,6.857
1634471142633,52.4094488,-1.4885199,134.83438712984653,61.57202,0.5241839,3.0,6.266
1634471147656,52.4094185,-1.4884662,134.7882349679223,122.00637,1.0315416,3.0,5.769
1634471152655,52.4094258,-1.4883788,135.35999698065987,75.92768,1.1320788,3.0,6.367
1634471158243,52.4094893,-1.4882383,135.68799182331597,67.84914,0.99347323,3.0,8.565
1634471163377,52.4095705,-1.4881435,135.55958663649508,63.14416,1.0053972,3.0,10.483
1634471168814,52.4095544,-1.4880557,135.810762542099,71.10382,0.9337267,3.0,11.516
1634471174437,52.4095508,-1.4879966,135.78472121164103,70.09595,0.9892142,3.0,10.167
1634471179957,52.4095216,-1.4878959,136.00693526664057,81.54786,1.0677699,3.0,10.438
1634471184994,52.4094783,-1.4878504,136.01548652525267,92.46269,0.8617228,3.0,8.622
1634471190584,52.4094815,-1.4878029,136.75890289065728,95.35062,0.76604617,3.0,7.877
1634471195616,52.4094874,-1.4877391,136.77689374498132,87.27007,0.7822858,3.0,10.723
1634471200654,52.4095446,-1.4876529,138.0753906720363,53.969826,1.2753673,3.0,13.875
1634471206534,52.4096263,-1.4875625,138.08857689924898,56.436356,1.2117281,3.0,14.831
1634471211537,52.409671,-1.4874967,138.82323080445127,43.46657,1.0454865,3.0,12.68
1634471216604,52.4097196,-1.487419,138.8753634965459,42.415314,1.168193,3.0,8.751
1634471221655,52.409739,-1.4873277,139.02063661564068,83.33467,0.95706433,3.0,9.595
1634471227618,52.4097575,-1.4872707,138.84291795968556,68.961205,0.5797753,3.0,9.31
1634471232661,52.4097591,-1.4872863,138.96347519157666,56.027695,0.27420112,3.0,7.87
1634471238646,52.4097613,-1.4872775,138.90118505535938,51.8076,0.24233946,3.0,7.058
1634471243699,52.4097779,-1.4873406,138.77732662775318,357.98395,0.45881662,3.0,7.213
1634471249663,52.4097567,-1.487345,138.7675914048118,189.56764,0.43747443,3.0,6.7
1634471255619,52.409759,-1.487323,138.88968245643414,0.0,0.009983635,3.0,6.364
1634471260637,52.4097589,-1.4873223,138.78759525440526,180.0,3.605436E-4,3.0,5.9
1634471265656,52.4097671,-1.4873275,138.9704749392869,340.1915,0.38806134,3.0,6.614
1634471271618,52.4097881,-1.4873289,138.87118981770817,0.0,0.13268167,3.0,5.833
1634471276640,52.4097785,-1.4873411,138.97258051396253,180.0,0.09938837,3.0,6.866
1634471282617,52.4097791,-1.4873426,138.9957009383884,0.0,0.002626002,3.0,6.3
1634471288626,52.4097791,-1.4873427,139.13083369317343,180.0,5.2734795E-5,3.0,7.386
1634471294592,52.4097757,-1.4873356,139.15319725856668,57.562782,0.022533013,3.0,6.5
1634471300626,52.4097628,-1.4873434,139.09685705394958,183.22023,0.6494351,3.0,6.5
1634471305628,52.4097414,-1.4873403,139.02806597699993,224.40358,0.2081624,3.0,7.77
1634471311620,52.4097677,-1.4873544,138.99492802732723,0.0,0.4484096,3.0,7.083
1634471316624,52.409776,-1.4873491,138.91044308728206,359.39847,0.47862524,3.0,8.542
1634471322626,52.4097888,-1.4873461,139.00149416480195,0.0,0.095768556,3.0,8.2
1634471328606,52.4098314,-1.4873322,139.07371142395704,352.4985,1.0373255,3.0,9.753
1634471333636,52.4098537,-1.4873154,139.05251638307215,118.22194,0.019492175,3.0,10.0
1634471339598,52.4098382,-1.4873118,139.07596801429975,180.0,0.03561838,3.0,11.523
1634471344628,52.4098302,-1.4873024,139.04542454275028,167.0486,0.270135,3.0,10.8
1634471350614,52.409806,-1.4872393,138.94055853736722,180.0,0.28373855,3.0,10.92
1634471355641,52.4098124,-1.4872425,139.01140959010925,321.95963,0.058216624,3.0,10.3
1634471361651,52.4098288,-1.4872778,139.09857864539836,0.0,0.054326877,3.0,12.793
1634471367631,52.4097864,-1.4872614,139.14165273666796,158.15353,0.38988876,3.0,10.916
1634471373625,52.4097745,-1.4872554,139.06415091960142,176.34428,0.23498154,3.0,11.513
1634471379631,52.4097701,-1.4872441,138.99196823770794,180.0,0.004544409,3.0,11.916
1634471385621,52.409749,-1.4872516,138.85218792063685,180.0,0.6748695,3.0,11.7
1634471391618,52.4097684,-1.4872483,139.0460858866504,357.4562,0.79722816,3.0,8.374
1634471396628,52.4097897,-1.4872648,138.96958869591344,0.0,0.16085932,3.0,6.9
1634471402585,52.409768,-1.4872736,138.96968371845884,180.0,0.090099394,3.0,6.928
1634471407653,52.409769,-1.4872738,138.93164078267714,0.0,0.006011933,3.0,7.7
1634471413623,52.409769,-1.4872738,139.02476048159173,180.0,2.0684898E-4,3.0,11.443
1634471419621,52.409769,-1.4872738,138.93977701374604,0.0,6.2602203E-6,3.0,11.0
1634471424638,52.409769,-1.4872738,139.01988912979326,0.0,3.175445E-7,3.0,10.737
1634471430636,52.409769,-1.4872738,138.9827619564545,180.0,3.0866318E-8,3.0,11.2
1634471436614,52.4098026,-1.4873034,139.0184240296993,0.0,0.23496068,3.0,11.166
1634471442612,52.4097798,-1.487306,139.02645749315167,180.0,0.13335432,3.0,11.666
1634471448591,52.409782,-1.4873081,139.08429626017525,0.0,0.0077530155,3.0,11.501
1634471453623,52.4097819,-1.4873084,138.9257059548409,180.0,5.351099E-4,3.0,12.9
1634471459612,52.4097819,-1.4873085,138.93282904562648,180.0,2.017299E-5,3.0,16.969
1634471464615,52.4097819,-1.4873085,138.97851408101275,0.0,8.721348E-6,3.0,20.3
1634471470621,52.4097819,-1.4873085,139.0115982552889,0.0,1.0421113E-7,3.0,21.402
1634471476619,52.4097819,-1.4873085,138.93799235821987,180.0,5.978623E-8,3.0,14.8
1634471482609,52.4097819,-1.4873085,138.92395468213817,0.0,3.5668466E-9,3.0,13.583
1634471487648,52.4097819,-1.4873085,138.95531294281244,180.0,3.1241936E-11,3.0,13.9
1634471493636,52.4097877,-1.4873111,139.2658412214748,19.029686,0.20118997,3.0,13.433
1634471498644,52.4097725,-1.4873028,139.2060592882208,180.0,0.094187066,3.0,11.1
1634471504632,52.4097733,-1.4873019,139.0108790776328,0.0,0.004308828,3.0,11.25
1634471510208,52.4097733,-1.4873017,139.1157957899213,180.0,8.190249E-5,3.0,12.466
1634471515620,52.4097733,-1.4873017,139.06806545590538,180.0,8.447416E-6,3.0,11.583
1634471520649,52.40976,-1.4872949,139.10915205924815,145.49168,0.19523281,3.0,10.0
1634471526614,52.4097624,-1.487288,139.07424916210724,0.0,0.006359495,3.0,8.75
1634471531595,52.409758,-1.4872863,139.04385741435087,172.52017,0.17623371,3.0,9.701
1634471536627,52.4097489,-1.4872874,139.12374960369905,172.7522,0.2497306,3.0,8.6
1634471542620,52.4097476,-1.4872875,139.22124022349382,0.0,0.0013195204,3.0,11.239
1634471548604,52.4097478,-1.4872877,139.22772929660064,0.0,5.794689E-4,3.0,10.9
1634471554606,52.4097332,-1.4872713,139.08938826492783,104.57847,0.3586766,3.0,13.901
1634471559622,52.4097318,-1.4872645,139.03308410395553,180.0,0.035048712,3.0,11.6
1634471565632,52.4097337,-1.4872659,138.96426220877242,0.0,0.010811439,3.0,14.012
1634471571610,52.4097336,-1.4872661,138.92262564124562,180.0,7.893947E-4,3.0,14.25
1634471576627,52.4097336,-1.4872662,139.05974182167915,180.0,9.140758E-6,3.0,14.25
1634471582603,52.4097749,-1.4872923,139.02786402772563,0.0,0.11900453,3.0,11.916
1634471587634,52.4097812,-1.4872954,138.98634139611266,0.0,0.029100867,3.0,9.834
1634471593639,52.4097807,-1.4872958,138.84572148110902,180.0,0.0011302584,3.0,8.2
1634471599619,52.4097782,-1.4872547,139.01244893154558,119.05165,0.6247223,3.0,7.833
1634471604634,52.409775,-1.4872416,139.04455892275206,42.126976,0.30512244,3.0,8.2
1634471610611,52.4097895,-1.4872408,139.06667642960957,0.0,0.01978692,3.0,8.333
1634471615659,52.4098103,-1.4872472,138.95332206421068,1.8201867,0.86712664,3.0,8.6
1634471621627,52.4098201,-1.4872644,139.25339274295294,157.5528,0.45241505,3.0,8.25
1634471626640,52.4098148,-1.4872727,139.11152524427226,0.0,0.05945925,3.0,8.562
1634471632610,52.4098244,-1.48726,139.04617717247064,103.62943,0.3574636,3.0,7.666
1634471637648,52.409798,-1.4871902,139.24511094530018,86.97432,0.9838477,3.0,8.43
1634471643629,52.409781,-1.4870997,139.1658109131732,78.88462,1.0356419,3.0,6.6
1634471648858,52.4098366,-1.4870226,139.34745894086362,39.680832,0.8185564,3.0,10.322
1634471654321,52.4098613,-1.4869384,139.43855523849143,62.21464,0.8063958,3.0,12.646
1634471659498,52.4098692,-1.4868754,139.59698899852927,68.203285,0.7290575,3.0,12.658
1634471664626,52.4098816,-1.4868246,139.51829257433772,60.654118,0.66968346,3.0,11.391
1634471670219,52.4099168,-1.4867777,139.5649660612858,60.345562,0.8013799,3.0,12.323
1634471675790,52.4099521,-1.4867274,139.63861968988317,353.91446,1.6557406,3.0,16.005
1634471680861,52.4099652,-1.4867762,139.5567609501518,343.07028,0.769085,3.0,20.701
1634471686061,52.4099836,-1.4867613,139.56369965082865,347.70053,1.0458565,3.0,6.971
1634471691619,52.4099983,-1.4867206,139.49732225987896,349.477,0.7725211,3.0,6.82
1634471696635,52.4099913,-1.4867113,140.18243143100077,342.85507,0.40471727,3.0,6.071
1634471702037,52.4099595,-1.4866845,140.58579151840792,180.0,0.045046072,3.0,7.322
1634471707616,52.4099103,-1.48664,140.5522039460474,89.92922,0.03361567,3.0,9.2
1634471713395,52.4099221,-1.4866115,140.65726345849248,0.0,0.093797475,3.0,10.954
1634471718618,52.4099229,-1.4866105,140.6547501282803,0.0,0.0012807223,3.0,13.0
1634471723605,52.4099457,-1.4865849,140.64585527093027,62.294476,0.6076777,3.0,14.1
1634471728621,52.4099518,-1.4865742,140.56965185404107,0.0,0.032728527,3.0,13.275
1634471733608,52.409951,-1.4865723,140.58869840883872,180.0,0.005467608,3.0,12.1
1634471739632,52.4099555,-1.486536,140.46914350680746,0.0,0.07392197,3.0,12.133
1634471745623,52.4099425,-1.4865382,140.53060086751972,177.52974,0.267856,3.0,10.7
1634471751614,52.4099116,-1.486537,140.73616085064575,160.53912,0.10634981,3.0,9.25
1634471757609,52.4099167,-1.4865384,140.63811658932593,0.0,0.16318572,3.0,10.897
1634471762630,52.4099162,-1.4865449,140.71923469103658,180.0,0.0042915996,3.0,8.8
1634471768617,52.4099161,-1.4865461,140.819141211319,180.0,2.4757037E-4,3.0,10.943
1634471774664,52.4099161,-1.4865463,140.7307089093755,0.0,1.5004261E-5,3.0,8.3
1634471780629,52.4098948,-1.4865613,140.7289727421272,180.0,0.13729157,3.0,8.147
1634471785607,52.4098948,-1.4865594,140.62019039656508,0.0,0.0031508885,3.0,6.6
1634471790620,52.4098592,-1.4865605,140.4984536276798,136.62161,0.19205923,3.0,7.98
1634471796622,52.4098569,-1.4865481,140.61067712258563,180.0,0.01582662,3.0,5.8
1634471801615,52.4098334,-1.4865488,140.6227940863935,180.0,0.13299587,3.0,6.951
1634471806639,52.4098354,-1.486551,140.59615722429442,0.0,0.0049189064,3.0,5.5
1634471811655,52.4098354,-1.4865512,140.56737916857807,180.0,1.5344957E-4,3.0,6.626
1634471817624,52.4098354,-1.4865512,140.5893856598795,0.0,1.0388418E-6,3.0,5.1
1634471823642,52.4098269,-1.4865498,140.4240010623946,176.0588,0.40635863,3.0,5.5
1634471829612,52.4098262,-1.4865463,140.47530721210106,0.0,0.003919844,3.0,6.1
1634471835609,52.4098262,-1.4865464,140.5838434467202,180.0,7.7349854E-5,3.0,6.5
1634471840651,52.4098101,-1.4865483,140.61246274842114,171.20532,0.4039863,3.0,6.4
1634471846631,52.4098095,-1.4865488,140.42555333400787,0.0,0.008743214,3.0,7.25
1634471852480,52.4098096,-1.4865489,140.2663392630176,0.0,3.906829E-5,3.0,9.028
1634471857630,52.4098096,-1.4865489,140.2779374376757,180.0,6.5574104E-6,3.0,8.1
1634471863586,52.4098096,-1.4865489,140.29534635395282,0.0,5.8197E-7,3.0,9.642
1634471868633,52.4098096,-1.4865489,140.41163801344143,180.0,1.4463827E-8,3.0,7.2
1634471874634,52.4098096,-1.4865489,140.39511192759176,0.0,3.0086938E-10,3.0,6.8
1634471880596,52.4098096,-1.4865489,140.27665170379564,180.0,7.583253E-12,3.0,8.4
1634471885612,52.4098096,-1.4865489,140.32437394360957,0.0,3.4206077E-13,3.0,10.3
1634471891588,52.4098096,-1.4865489,140.32288455998605,180.0,2.3254636E-14,3.0,9.666
1634471896632,52.4098096,-1.4865489,140.25178718519902,180.0,1.3132053E-14,3.0,8.8
1634471901628,52.4098299,-1.4865004,140.24994667696575,73.579765,0.71175253,3.0,7.8
1634471906708,52.4098145,-1.48643,140.63734540793817,112.97522,0.9179859,3.0,8.109
1634471912603,52.4098636,-1.4863712,140.69948372663322,48.82619,1.0167236,3.0,7.214
1634471917653,52.4098802,-1.4863106,140.68039350634865,95.7791,0.87841296,3.0,6.615
1634471923618,52.4098574,-1.486212,141.25534497222827,114.99084,1.3664587,3.0,6.269
1634471929572,52.4099112,-1.4861241,141.45615249498843,47.645927,1.2378272,3.0,7.36
1634471934620,52.4099534,-1.4860816,141.54085487337053,92.67229,0.66166645,3.0,6.545
1634471939670,52.4100003,-1.4860143,141.7179314765966,53.75928,1.2202722,3.0,6.729
1634471945640,52.4100288,-1.4859368,141.75554675727463,61.20176,0.90354973,3.0,6.208
1634471951214,52.4100912,-1.4859153,142.09004019523016,45.521755,0.8425683,3.0,8.034
1634471956576,52.4101294,-1.4858248,142.18692332751533,48.547337,1.0597264,3.0,10.752
1634471961599,52.4101581,-1.4857484,142.46024936386164,51.400322,1.0184951,3.0,10.569
1634471966649,52.4101866,-1.4856836,142.38407902502615,52.40321,0.95166266,3.0,9.876
1634471972080,52.4102165,-1.4856296,142.78170365879095,36.716103,0.94505256,3.0,10.952
1634471977536,52.4102324,-1.4855646,142.74469614408298,52.187172,0.92478305,3.0,10.091
1634471982601,52.4102263,-1.4854907,143.4743443381627,58.838013,0.9038016,3.0,8.731
1634471987609,52.4102423,-1.4854053,143.45554012600397,56.000957,0.84826595,3.0,8.911
1634471992620,52.4102692,-1.4853232,143.8687366683726,62.43593,1.3138946,3.0,9.936
1634471997632,52.4102862,-1.4852512,143.81724954042804,60.488884,0.64859414,3.0,10.26
1634472003628,52.4102927,-1.4852463,144.104888627348,10.474056,0.5176452,3.0,9.998
1634472008636,52.4102999,-1.4852516,144.01174860611926,191.8368,1.1144669E-4,3.0,7.177
1634472014636,52.4102677,-1.4853182,143.99128464653035,180.0,0.3013204,3.0,6.898
1634472019626,52.4102691,-1.4853248,144.03115793133338,0.0,0.007569242,3.0,5.8
1634472024650,52.4102691,-1.4853253,144.16121828521426,180.0,2.1227551E-4,3.0,8.48
1634472029659,52.4102691,-1.4853254,144.16973344104517,0.0,3.7049574E-6,3.0,6.6
1634472034661,52.4102792,-1.485318,144.0173197586777,345.2006,0.29596046,3.0,8.519
1634472040614,52.4102846,-1.4853201,144.0019019929192,0.0,0.0011508698,3.0,6.416
1634472045632,52.4102844,-1.4853202,144.23988557196284,180.0,9.1607583E-4,3.0,7.767
1634472050659,52.4102844,-1.4853202,144.2161974468508,0.0,5.8290534E-5,3.0,6.8
1634472056596,52.4102798,-1.485308,144.31495521679796,0.0,0.08215032,3.0,6.666
1634472061594,52.4102794,-1.4853074,144.36740288049853,180.0,0.0027000469,3.0,6.3
1634472066650,52.4102794,-1.4853073,144.40271997326275,0.0,7.835839E-5,3.0,8.394
1634472072640,52.4102892,-1.4853111,144.30972989691344,352.1135,0.5066086,3.0,8.0
1634472078623,52.410293,-1.4853186,144.42093979092166,180.0,0.039016098,3.0,7.928
1634472083634,52.4102722,-1.4852893,144.41420329955278,159.87071,0.54730177,3.0,6.8
1634472088655,52.4102838,-1.4852885,144.25893923413057,0.69678515,0.48892093,3.0,7.083
1634472094616,52.4102923,-1.4852931,144.22751887245988,180.0,0.010875139,3.0,7.416
1634472099641,52.4103052,-1.4852942,144.35634257098604,4.7634063,0.64793897,3.0,8.115
1634472104648,52.4103152,-1.4852989,144.33878593810815,0.0,0.028891217,3.0,8.166
1634472110623,52.4103142,-1.4852994,144.1640915214368,180.0,0.0030573076,3.0,11.262
1634472116653,52.4103142,-1.4852995,144.10504579465317,0.0,1.846938E-4,3.0,11.4
1634472122651,52.4102963,-1.4852788,144.1571195741363,180.0,0.5150376,3.0,11.166
1634472128610,52.4102929,-1.4852602,144.145795341379,0.0,0.0032368372,3.0,10.583
1634472133622,52.4102932,-1.4852571,144.1995922710196,0.0,0.0014130503,3.0,10.583
1634472139612,52.4102932,-1.4852564,144.09952448729925,180.0,8.0259684E-5,3.0,10.083
1634472144658,52.4102932,-1.4852563,144.04332266859222,0.0,4.9138703E-6,3.0,10.2
1634472150644,52.4102932,-1.4852563,143.99550787031563,180.0,1.2102645E-7,3.0,8.3
1634472155667,52.4102979,-1.4852544,144.04308168783737,1.8053856,0.2292852,3.0,8.0
1634472161052,52.4103249,-1.4852717,144.38938698855094,0.0,0.1444839,3.0,7.927
1634472166622,52.4103285,-1.485281,144.458833053494,180.0,0.0062263375,3.0,7.25
1634472171617,52.4103284,-1.4852813,144.37619392267842,180.0,2.9411793E-4,3.0,7.4
1634472176638,52.4103362,-1.4853031,144.5881278987853,0.0,0.026080228,3.0,6.948
1634472182656,52.4103358,-1.4853039,144.67301403804072,180.0,3.762398E-4,3.0,6.416
1634472188646,52.4103488,-1.4853069,144.48632719645667,1.5276134,0.62547004,3.0,7.1
1634472194647,52.4103539,-1.4853122,144.4695768964181,180.0,0.013435729,3.0,8.543
1634472199625,52.4103317,-1.485301,144.42624651222746,180.0,0.16964854,3.0,7.0
1634472204651,52.4103324,-1.4853002,144.42140547652434,0.0,0.005357733,3.0,7.446
1634472210638,52.4103324,-1.4853001,144.4662950463704,180.0,1.6631953E-4,3.0,8.7
1634472216657,52.4103324,-1.4853001,144.35834718274174,0.0,4.167615E-6,3.0,10.559
1634472222620,52.4103106,-1.4852534,144.33068283044813,94.11537,0.74056387,3.0,7.954
1634472228663,52.4103528,-1.4851608,144.4467929470769,61.94407,1.0376397,3.0,6.746
1634472234573,52.4103484,-1.4850315,144.4836348595374,95.83982,1.3436954,3.0,7.071
1634472239625,52.4103384,-1.4849608,144.7036782543505,94.5699,1.011639,3.0,6.646
1634472245194,52.410361,-1.4848843,144.7558194949992,82.04949,1.0308652,3.0,6.158
1634472250540,52.4104178,-1.4847846,145.03698203040395,79.483086,0.90719,3.0,9.249
1634472255618,52.4104263,-1.4847032,145.04659596342583,75.00034,0.9941206,3.0,9.928
1634472260923,52.4104365,-1.4846435,145.05804373969812,73.499535,0.9119911,3.0,8.463
1634472266250,52.4104515,-1.4845847,145.1123854936976,71.718636,0.7855944,3.0,8.622
1634472271623,52.4104703,-1.4845111,145.10292024057082,67.206375,0.9424379,3.0,9.274
1634472276664,52.4104849,-1.4844375,145.06208100783363,68.677986,0.85006773,3.0,10.481
1634472282019,52.4104947,-1.4843552,145.10451444153784,67.77557,0.95405686,3.0,8.345
1634472287353,52.4105064,-1.4843014,145.15837154700338,77.796074,0.579073,3.0,8.937
1634472292501,52.4105278,-1.4842068,145.09593686358883,69.73863,0.7976869,3.0,9.391
1634472297643,52.4105156,-1.4841501,145.09379427595326,104.16449,0.6824936,3.0,9.566
1634472302997,52.4104457,-1.4841333,145.251363535627,125.48294,0.68283355,3.0,7.207
1634472308339,52.4103934,-1.4841106,145.25662686733503,142.91533,0.69353414,3.0,7.601
1634472313650,52.4103621,-1.484084,145.30316743738965,129.71637,0.2131317,3.0,7.568
1634472318980,52.4103646,-1.4840732,145.27177100394601,87.988014,0.1461676,3.0,7.135
1634472324303,52.4103558,-1.4840478,145.45434583350158,89.376724,0.22108537,3.0,6.337
1634472329357,52.4103436,-1.483996,145.49557205835208,106.481316,0.8220097,3.0,7.059
1634472334574,52.4103517,-1.4838779,145.4162272508166,1.187972,1.5481532,3.0,11.931
1634472339653,52.4104567,-1.4839484,145.3974274231145,334.74744,2.37579,3.0,34.771
1634472345637,52.4105562,-1.4839761,145.30549828904725,340.29782,0.52025205,3.0,33.431
1634472351208,52.4105437,-1.483975,145.19354831754484,301.4476,0.3506385,3.0,6.956
1634472356625,52.4105245,-1.4839588,145.23842715977938,305.0186,0.6040792,3.0,5.81
1634472362629,52.4104016,-1.4838403,145.40522720683077,180.0,2.648006,3.0,6.526
1634472368525,52.4103789,-1.4837651,145.65012864683968,76.14143,0.5750121,3.0,12.012
1634472373633,52.4103678,-1.4837359,145.61867536731316,119.20337,0.27850398,3.0,6.1
1634472378628,52.4103329,-1.4837225,145.60417303775102,181.00998,1.5908301,3.0,6.0
1634472383637,52.4102806,-1.4837091,145.45031424115783,180.0,0.69471234,3.0,11.118
1634472388626,52.4102603,-1.4837194,145.30708890687015,178.36862,0.31150058,3.0,6.25
1634472394644,52.41028,-1.4837248,145.31643524440042,0.0,0.1280878,3.0,6.0
1634472400560,52.4103356,-1.4838552,145.30943450050404,179.99959,0.0062042344,3.0,7.173
1634472405567,52.4103062,-1.4838151,145.5690565975648,164.02766,0.19171888,3.0,5.874
1634472410601,52.410285,-1.4837948,145.59085557071865,164.89574,0.8963917,3.0,6.582
1634472416617,52.41029,-1.4837702,145.3666087546507,157.32823,0.7902621,3.0,6.531
1634472422612,52.4103119,-1.4837492,145.43702274711583,155.51575,0.6220002,3.0,7.491
1634472428605,52.4103826,-1.4837145,145.4547492076369,64.887825,0.35734132,3.0,9.379
1634472433615,52.4104175,-1.4837384,145.556211489459,0.0,0.49846622,3.0,17.909
1634472438597,52.4103887,-1.4837201,145.5576110414168,180.0,0.49916935,3.0,12.5
1634472444593,52.4103871,-1.4837192,145.63037751942488,180.0,0.006752214,3.0,14.552
1634472449584,52.4103964,-1.4837435,145.72591538487055,27.541975,0.04235356,3.0,13.4
1634472454576,52.4103982,-1.4837454,145.52540189356338,0.0,0.007494233,3.0,15.095
1634472460541,52.4103712,-1.4837461,145.50527763993998,179.57768,0.82365406,3.0,18.25
1634472465544,52.4103164,-1.4837263,145.45987332102527,150.31879,1.0500631,3.0,17.591
1634472470582,52.4102936,-1.483735,145.45290036470223,180.0,0.061176963,3.0,16.5
1634472475594,52.4102992,-1.4837419,145.45846702384478,0.0,0.047526512,3.0,15.426
1634472481583,52.4102988,-1.4837434,145.44525281996616,180.0,0.0019075844,3.0,15.0
1634472487561,52.410373,-1.4838209,145.50058643322015,353.77634,1.0508516,3.0,14.285
1634472492600,52.4103731,-1.4838275,145.43246016608802,180.0,0.017228946,3.0,14.3
1634472497597,52.4103577,-1.4838152,145.47497452430756,97.36542,0.13895632,3.0,15.686
1634472502628,52.4103381,-1.4837996,145.49598501472323,139.95299,0.35213327,3.0,15.4
1634472508585,52.4103424,-1.4837964,145.4571124310127,65.1688,0.15709753,3.0,14.675
1634472514599,52.4103244,-1.4837824,145.47854132515855,167.137,0.7060893,3.0,11.4
1634472519585,52.4103122,-1.4837816,145.52231822726822,205.87796,0.74034685,3.0,21.002
1634472525584,52.4103105,-1.4838316,145.467466219247,299.377,0.50024515,3.0,22.495
1634472530576,52.4103389,-1.4837739,145.5596500815637,291.22913,0.6799662,3.0,13.767
1634472535586,52.4103457,-1.4837698,145.56270779779987,101.10548,0.9302432,3.0,11.09
1634472541567,52.4103392,-1.483708,145.74190725916753,180.0,2.487168E-4,3.0,12.354
1634472547338,52.4103225,-1.4837465,145.7157292245557,192.27417,1.1156371,3.0,12.325
1634472557843,52.4103031,-1.4838955,145.71730467378458,239.42798,1.7502042,3.0,14.607
1634472569044,52.4102214,-1.4838785,145.44671779064134,311.63553,1.6513512,3.0,16.74
1634472579077,52.4102214,-1.4838785,145.44671779064134,311.63553,1.6513512,3.0,16.74
1634472584492,52.4103285,-1.4836888,145.61883738668078,106.62083,0.4994152,3.0,19.235
1634472590299,52.4103256,-1.4836988,145.5677142634773,164.28136,0.0753025,3.0,26.817
1634472595380,52.4103316,-1.4837033,145.5677142634773,345.08755,0.056062955,3.0,13.813
1634472605274,52.4103374,-1.4836914,145.41211525323237,32.329723,0.082236245,3.0,11.355
1634472610712,52.4103428,-1.4837014,145.41211525323237,319.02243,0.18115532,3.0,11.884
1634472616334,52.410342,-1.4837087,145.52621380381612,292.17163,0.10638072,3.0,11.534
1634472622213,52.4103537,-1.4837144,145.5557303392889,347.62225,0.22060765,3.0,13.008
1634472627561,52.4103527,-1.4837007,145.45856182727,111.42251,1.1957188,3.0,12.157
1634472632579,52.4103711,-1.4836555,145.51091539463354,59.572407,1.756185,3.0,11.956
1634472638504,52.4104249,-1.4836419,145.60841614341814,108.45016,0.47114798,3.0,10.836
1634472643615,52.410411,-1.4836355,145.60293118480345,75.514084,0.20834652,3.0,9.309
1634472649612,52.4104379,-1.4836343,145.57527337266106,59.94422,0.5229357,3.0,9.577
1634472655617,52.4104165,-1.4836385,145.5917619507621,122.68593,0.24113531,3.0,7.816
1634472661620,52.4104022,-1.4836316,145.65777002414677,120.184006,0.35871115,3.0,7.644
1634472666643,52.4103776,-1.4836332,145.76839823021555,142.08041,0.6729775,3.0,7.499
1634472671632,52.410297,-1.4835778,145.75053115517872,153.2161,1.0019112,3.0,7.709
1634472677632,52.410289,-1.4835735,145.7949561819233,289.80673,0.04460546,3.0,11.102
1634472683622,52.4102937,-1.4835329,145.8010755688433,106.353516,0.630142,3.0,7.166
1634472689634,52.4102933,-1.4835171,145.79153331097066,0.0,0.010670337,3.0,7.666
1634472694628,52.4102915,-1.4835178,145.6936815395706,171.03186,0.14352563,3.0,7.5
1634472699644,52.410233,-1.4835064,145.77803886581313,182.31638,0.9558731,3.0,13.913
1634472705622,52.4102551,-1.4835088,145.7250858744132,0.0,0.23603265,3.0,7.083
1634472711577,52.4102731,-1.4835032,145.64815933314486,0.0,0.0446901,3.0,6.722
